RELEASE_ID,AS_OF_DATE,BALANCE,CDS,LPS
LS00015,20181231,-554.52344,208,0
LS00014,20181231,-390.29176,0,16
LS00017,20181231,177.96784,23,0
LS00011,20181231,-165.02868,193,0
LS00010,20181231,40.24,1,0
LS00013,20181231,258.495,14,0
LS00012,20181231,-1171.47,3,0
LS00056,20181231,-755.76,50,0
LS00019,20181231,0.0,0,0
LS00018,20181231,20.75752,48,0
LS00051,20181231,-52.421,220,176
LS00020,20181231,21.37,13,20
LS00039,20181231,-1024.4204,0,1
LS00038,20181231,307.10974,105,104
LS00055,20181231,126.114,51,0
LS00054,20181231,5.957,0,0
LS00021,20181231,-20.16116,9,0
LS00033,20181231,32.60424,23,0
LS00032,20181231,286.6362,0,16
LS00031,20181231,160.652,0,0
LS00030,20181231,109.06352,18,0
LS00037,20181231,14.4895541,253,0
LS00036,20181231,284.12069,52,0
LS00035,20181231,64.38384,21,15
LS00034,20181231,18.322,0,0
LS00023,20181231,86.36435,90,0
LS00024,20181231,382.514,90,0
LS00025,20181231,25.0,304,0
LS00026,20181231,362.48569,18,0
LS00027,20181231,108.47168,66,0
LS00002,20181231,32.9278859,486,188
LS00003,20181231,0.0,0,0
LS00001,20181231,-2265.95027,514,399
LS00006,20181231,-816.83688,504,353
LS00007,20181231,-720.60648,415,0
LS00004,20181231,46.9352,181,246
LS00005,20181231,70.2770341,78,157
LS00009,20181231,43.134,21,4
LS00028,20181231,4.373,0,0
LS00029,20181231,825.60127,76,0
LS00048,20181231,-2383.016,235,235
LS00049,20181231,10.233,0,0
LS00046,20181231,29.011,127,0
LS00047,20181231,-3.555,0,10
LS00022,20181231,14.40884,3,0
LS00045,20181231,151.2649941,499,0
LS00042,20181231,15.01684,10,0
LS00043,20181231,25.67068,73,0
LS00040,20181231,24.114,3,0
LS00041,20181231,429.7760077,446,184
LS00050,20181231,32.125,7,0
LS00053,20181231,-756.81,84,98
LS00044,20181231,205.5679441,33,0
LS00052,20181231,49.796,54,0
